# Main Account Details
MAIN_ACCOUNT_ID=0.0.14410
MAIN_ACCOUNT_PRIVATE_KEY=302e020100300506032b657004220420c2b949ec8f503faaa1533e20d29378a67a0e35e46affef9d296a84354c299367
# Client Account Details
OPERATOR_ACCOUNT_ID = 0.0.14420
OPERATOR_ACCOUNT_PRIVATE_KEY=302e020100300506032b657004220420ad5f38a4a6fe7ab222ccc69838697c87eb864e0f9506451c216519fa160a938a
OPERATOR_ACCOUNT_PUBLIC_KEY=302a300506032b65700321002890e56ca80e41bbe1d15306ee215d420027a7df1d81085759e599ec0cb8fbfb
